time,x,y,z,phi,theta,psi,x_velocity,y_velocity,z_velocity,phi_velocity,theta_velocity,psi_velocity,rotor_speed1,rotor_speed2,rotor_speed3,rotor_speed4
0.06,-5.082350058789271e-08,2.1458516068613966e-07,10.005638709808494,0.00019429922181579684,6.28277066452814,0.0,1.5345875558424485e-05,1.9110997271662913e-05,0.18794404223218955,0.009035097935319258,-0.026651683098600006,0.0,464.70613672127104,462.61273852021554,463.9163760550118,464.6250865460615
0.12000000000000001,1.622019771302432e-05,7.782288658923725e-06,10.02107039447702,0.0007277926647821786,6.281326041159364,0.0,0.0006904431874734049,0.0002910646740843308,0.32641516337894416,0.008602915923294584,-0.01937022915012742,0.0,449.17317106935064,449.76311348408314,448.5363940040632,448.5011784782048
0.18,0.00010209381462476361,4.2931317172613504e-05,10.0445880293784,0.000990128147041247,6.27964706619305,0.0,0.0023107749216134408,0.0009238805644307901,0.4574616611164296,-0.005824105032881276,-0.05700930510357303,0.0,448.16392094444745,445.0941254745573,447.5059390297942,446.33017770358333
0.23999999999999996,0.00035241251694038663,0.00012312647712719944,10.081255326826582,0.00037613556133830883,6.2765428998161585,0.0,0.006463180714404574,0.0016877682877813034,0.7646253505896277,-0.02096078024866099,-0.04286122710498356,0.0,498.04279441796984,499.07488533910816,499.1584243416698,498.0528736791147
0.3,0.0008764374495631269,0.00022718589796950634,10.128680796312032,6.282358035812184,6.274413611613124,0.0,0.011224085658365949,0.0016642338397281867,0.8161862408395928,-0.018307606309951114,-0.02377929851979947,0.0,420.8993019072052,422.5465850998015,421.8992212543816,422.1282062637552
0.36000000000000004,0.0017457304472543015,0.0003045976030141822,10.181705228978933,6.281159596239938,6.273285006852934,0.0,0.01788675229273788,0.0007934119350816069,0.9511904095037597,-0.023534102405571418,-0.010370621164765344,0.0,448.1416122851001,449.2300897007599,448.6719457786784,448.24750168279667
0.4200000000000001,0.0031070005536602526,0.00028625977993499807,10.249918793208984,6.279664110707703,6.2729293030083575,0.0,0.02755312505807723,-0.0016102430009272445,1.3222408356819269,-0.027861803595205112,0.0017351748002063464,0.0,515.4573883583363,516.3121729161782,517.7241082291939,517.4195576878841
0.48000000000000015,0.0049609288099428115,0.00011454729248532734,10.331226554866957,6.2781138649720205,6.273261221593344,0.0,0.034221631406548866,-0.004269077399261959,1.3879396862489535,-0.022068874940332005,0.012211303755941202,0.0,426.5096013114814,427.40322864445056,428.0968197504233,428.58924742130284
0.5400000000000001,0.0072282526557957616,-0.00025832904741251555,10.418783060736827,6.276547077598966,6.274526619342174,0.0,0.041241285967607504,-0.008314004393741192,1.5304306588321372,-0.0357630611497146,0.03465018996218924,0.0,451.2248418730964,453.0325068145563,452.601030022585,451.49748120044103
0.6000000000000002,0.009842900849885618,-0.0008765170923459802,10.509906432044412,6.274297932307018,6.27671987695485,0.0,0.045734718131314335,-0.012476306348703205,1.5070463985812408,-0.041174251611888785,0.0401129471563152,0.0,397.5413086625098,398.0422880450627,398.9653924617179,398.47021598864774
0.6600000000000003,0.012716876045713497,-0.0018275080736761015,10.60433729441121,6.27140839916752,6.279528656382261,0.0,0.0497816188252765,-0.01950177910261063,1.6404658499233196,-0.06821521293387803,0.0576472720644177,0.0,449.04554189279935,450.46680110186895,450.5719326193301,448.3790315749818
0.7200000000000003,0.01576415601950759,-0.003249755786535366,10.705215571890834,6.267171188501933,6.282506108129745,0.0,0.05146522770289933,-0.028317941667254015,1.7220193838461761,-0.07592232865221951,0.02434102442966812,0.0,434.63368346845135,431.8349144274024,434.46763270635284,433.8170419663083
0.7800000000000004,0.018859290328039745,-0.0052519316183624615,10.808873423050668,6.262913102471952,0.000824910086923758,0.0,0.051574086064937144,-0.03881120474402958,1.7332183891419604,-0.06255384631600319,0.026484911652114376,0.0,410.42286454461384,410.61324699614073,410.48070747676036,411.6608707660412
0.8400000000000004,0.021933438995268912,-0.007958489511996403,10.913257323759867,6.259708821803159,0.002376892040251377,0.0,0.05075748426659799,-0.05171307490975868,1.7462180748345302,-0.0395299898968332,0.02459984154858513,0.0,411.45872545513026,411.292003590944,410.52356349132265,412.55901351447454
0.9000000000000005,0.02491835695032887,-0.01160662876010347,11.02317162959347,6.256947258818322,0.003817054696020783,0.0,0.048576352309380864,-0.07016825478019474,1.9173131469951208,-0.06400443844087755,0.022781026454865475,0.0,462.1351023842707,461.9917733984893,462.68893259075634,460.7568775828094
0.9600000000000005,0.02774463487838724,-0.01639756286595742,11.142097337335478,6.252996552114961,0.005566698046693297,0.0,0.045465567482941935,-0.08993747189206791,2.0466415254863564,-0.06980492583904574,0.03956954283718203,0.0,449.4370582659632,450.79585794070914,449.6011751468578,449.1278242603848
1.0200000000000005,0.030351021136196893,-0.02241478937069978,11.267282257919618,6.248622313683908,0.008669311482778497,0.0,0.04113665900454363,-0.11105502957817472,2.12602843101727,-0.07995717045396653,0.06884343714272546,0.0,432.92227197270995,435.37998135256737,435.3290321413878,434.4744372663185
1.0800000000000005,0.03261505404344912,-0.02984365555071417,11.398785848971679,6.244270299862347,0.012350931121620334,0.0,0.033908836888283764,-0.13704929849579137,2.257151545484914,-0.06076351520363886,0.03896173860782973,0.0,451.7297152464041,449.31620715459695,451.01199746592044,452.55533982859197
1.1400000000000006,0.03437712586315535,-0.03890770715374714,11.53778897502167,6.240655156450789,0.015204906114856698,0.0,0.02455366439458906,-0.16545670753073494,2.37602507721983,-0.059249685937131175,0.06079734467768191,0.0,446.7263785590547,448.5045684110124,448.19890112687943,448.31937628559825
1.2000000000000006,0.03551354367162824,-0.04975008845297301,11.683870060628985,6.237444886675144,0.018866480865366242,0.0,0.012948633309081775,-0.19629682453958755,2.4930717319787616,-0.04396495040582522,0.06147996027599844,0.0,449.16159089886116,449.2195578690527,446.0441555911825,447.28867507423035
1.2600000000000007,0.03586010483205191,-0.06254487799679728,11.837772807237794,6.23478423180104,0.022641342667075293,0.0,-0.0017954302075289964,-0.2304687494889555,2.6366741481523257,-0.04511360778866521,0.06563781369081387,0.0,456.89913236104815,457.23323628765496,456.37251802340126,456.2797643058063
1.3200000000000007,0.03525985000252582,-0.0774034104460387,11.999358701496844,6.231987434692673,0.02646114444450287,0.0,-0.018610307374394064,-0.2650885049764315,2.749229593428032,-0.04979419865639884,0.05939127276009431,0.0,448.037487879332,447.53225783570565,448.1108746162135,447.7289540310633
1.3800000000000008,0.033674907606214416,-0.09420156014619074,12.163889558635411,6.229536878825721,0.030071694014334405,0.0,-0.03452752794392963,-0.29507989179871197,2.7351405731318166,-0.027198475894203097,0.061699829532791746,0.0,406.1633003884646,406.3732257213903,407.0067300383227,409.022860573707
1.4400000000000008,0.03091935421500661,-0.11310428140624486,12.332514657700457,6.228318550843529,0.03422981511161893,0.0,-0.057746641632314404,-0.33514459495835747,2.88530013132395,-0.009215474152296198,0.08129871663792135,0.0,458.5768367279068,460.13437947887104,459.98597373774254,461.4078480683929
1.5000000000000009,0.026788708919360915,-0.13425470911100512,12.506889760669637,6.228141393727384,0.03876683181267193,0.0,-0.08038096849799231,-0.36989689313205704,2.9270727549981213,0.007300537802493052,0.060738614245631234,0.0,427.80594358327244,426.0563067071503,425.8098621892926,427.22048766431095
1.560000000000001,0.021055861590043114,-0.15771689266929442,12.687873949700748,6.228406605167404,0.042637907180323786,0.0,-0.11112326037104467,-0.4121109584507262,3.1052427741349464,-0.002073079887695722,0.07116697628319837,0.0,469.9569067514436,470.76729834948276,469.068142282472,468.33957071554346
1.620000000000001,0.01350946705489435,-0.18355400286139303,12.87672812306224,6.228291282465364,0.04685034095461571,0.0,-0.14083606703996834,-0.44912696356932835,3.1896357875337684,-0.0016216509075348275,0.06821622738739899,0.0,442.6896899629387,442.45059846332197,441.0063543086503,441.0436820256232
1.680000000000001,0.00416328549383088,-0.21153710715159482,13.069227934017615,6.2281127011354815,0.05070909012991898,0.0,-0.17106831347444287,-0.483652201601396,3.226891653004856,-0.005833794245397171,0.05506872663069297,0.0,427.8836346980464,426.7660235307227,427.23757123973905,426.87833523597436
1.740000000000001,-0.007251946250938634,-0.24179442938311368,13.26755620565904,6.228206105727555,0.05418992830754643,0.0,-0.209791171153573,-0.5249134207282853,3.3835665885811106,0.013290771238730775,0.06333299324241523,0.0,464.27288062920485,464.9230116873515,464.5213037786175,466.0186191922463
1.8000000000000012,-0.02106896591007484,-0.2745204969594704,13.475255650129649,6.2287028845960215,0.057877585023696554,0.0,-0.25116327870057625,-0.5658584057540498,3.539245792120491,-0.004330544595322693,0.05742805613469131,0.0,465.33538831287206,464.8754155420404,466.83932493575156,465.4621976206388
1.8600000000000012,-0.037285875287110894,-0.3095448844292082,13.689499896702904,6.228250126367488,0.06149648055348056,0.0,-0.28973024250774176,-0.6016467890826571,3.601996208122252,-0.014909620066262293,0.06553814948452066,0.0,436.8807770917464,437.55912846269644,438.9891504697593,438.11049383903463
1.9200000000000013,-0.05600184303701507,-0.3468276440753536,13.909307993673952,6.2275601011403126,0.06533864513174148,0.0,-0.3345204905236949,-0.6411753484267811,3.7244992532833407,-0.005430813329421087,0.06085028192579345,0.0,456.99549396393354,456.62452844929396,457.0069827370619,457.7620447211079
1.9800000000000013,-0.07743995814740062,-0.38645629962643563,14.135754273821226,6.226979998513851,0.06922952853909425,0.0,-0.3804468588067564,-0.6798090087316729,3.823335685139271,-0.019884422736620434,0.07183461947763631,0.0,450.09565677518464,450.98680539178525,451.46015526514265,450.29247499171356
2.0400000000000014,-0.10147845692058671,-0.4282274094185417,14.364735432517556,6.22531541503778,0.07317911364123564,0.0,-0.4211951748284797,-0.7126810471830357,3.809364684905811,-0.0521109447745336,0.04975434574782605,0.0,416.4616263608426,414.5290792626881,415.8875249104896,413.0545056136019
2.1000000000000014,-0.1283620935418982,-0.47227243020859844,14.597413576887806,6.222054374523452,0.07587622322802279,0.0,-0.4751995728102912,-0.7558029797227495,3.946036399487558,-0.05925340294749617,0.03301508868654128,0.0,463.7115017341654,462.3956488169614,463.5298058838745,462.9662853510759
2.1600000000000015,-0.15836785071532125,-0.5188363089646614,14.836015504089291,6.219522664644721,0.07801591008575315,0.0,-0.5251754927628501,-0.7965963655333304,4.007085297478297,-0.020562096483167477,0.04048771579116285,0.0,439.9966206417519,440.6154528765639,439.6592890630743,442.8521938542632
2.2200000000000015,-0.19161296593814828,-0.5680506949153957,15.080770496413423,6.2185214295651665,0.08070273183200616,0.0,-0.5832342308989986,-0.8439742868354443,4.15083778334948,-0.009887508299031124,0.0522168743486718,0.0,466.61695184164745,467.53279058973646,466.4024446500286,467.2355484436643
2.2800000000000016,-0.22822929526218533,-0.6199898362886624,15.332003667619288,6.217901722162836,0.08383268430950341,0.0,-0.6375964107472503,-0.8873772009142914,4.223273122258133,-0.011225268225033969,0.05206371775224305,0.0,446.9883566741927,446.977619441049,445.4636501535888,445.3543594555855
2.3400000000000016,-0.26820025374527307,-0.6745697746096797,15.58793113070508,6.217705399071535,0.08674386795927713,0.0,-0.6950457923760126,-0.9319786265550909,4.307263640918918,0.009169020264660814,0.0402765698628173,0.0,451.28752441774526,450.33639264535117,449.39182245095884,451.04211820273133
2.4000000000000017,-0.31146584110030606,-0.7316692852346302,15.846500657157444,6.219401475130086,0.08909866210237993,0.0,-0.7473520618700078,-0.9712343061305617,4.311664428375569,0.051517511637202924,0.03710319570561896,0.0,425.89160310148156,425.62090822575857,423.94302783147856,427.56692226240597
2.4600000000000017,-0.35808384521138803,-0.7912102384634202,16.10723845995937,6.222325274892006,0.09087244446656761,0.0,-0.8067643846475987,-1.0131665104793461,4.379309427791071,0.04247572205950043,0.006867259916165205,0.0,447.0636609188652,444.5931964355978,447.07163096865565,446.3356740062993
2.520000000000002,-0.4085039602951142,-0.8533513089321634,16.374302033345323,6.224772339481241,0.09172923834134039,0.0,-0.873932819784399,-1.057910140420023,4.522228346831003,0.037167954919088725,0.02604123295282528,0.0,469.3120840138194,470.798004065135,470.0849337923218,469.6741855079459
2.580000000000002,-0.46263167234542585,-0.917908947132433,16.646181032683934,6.226955872565338,0.09367061787760544,0.0,-0.9304835365986761,-1.0938207313805757,4.540301979414462,0.03479415425681494,0.0426779145764731,0.0,431.4475467751482,432.85047284235895,432.4676241317904,432.2682476075843
2.640000000000002,-0.5205520529989913,-0.9847969421788426,16.922945181393565,6.22931678722156,0.09606106187366859,0.0,-1.0004156878986616,-1.1355152722501798,4.684533890544097,0.04717747722818943,0.0334598294526465,0.0,472.78144593363857,472.0713030185664,470.6417734354681,471.60001078270335
2.700000000000002,-0.5825439859387955,-1.0540374096689793,17.20653509672157,6.231868612276994,0.09813656278342098,0.0,-1.0661593648903898,-1.1722252374510573,4.768076672028012,0.03107982190228079,0.03676394201512633,0.0,454.9440751068959,455.2090569576801,454.8032910861174,453.5129009595124
2.760000000000002,-0.6485982035744118,-1.125472867098129,17.495871464203265,6.233909118343465,0.10035749630180835,0.0,-1.1358386944080832,-1.2087435207819506,4.8759581075893115,0.039301269522787424,0.03751398723176078,0.0,462.0767193540893,462.13642896176594,463.36979218733467,464.01614689900236
2.820000000000002,-0.7188154467538249,-1.1990255336490914,17.791016795883632,6.236393501455414,0.10214805037014241,0.0,-1.204917621919469,-1.2427654055611903,4.961799832253117,0.0453142279288686,0.006473482819630472,0.0,458.12018781723725,455.64525647529337,457.2740601511669,457.75372228483405
2.880000000000002,-0.7931052814891587,-1.2745238467528877,18.090296497355713,6.2394608787591785,0.10211197788887638,0.0,-1.2714235452169027,-1.2735743557117858,5.013943133707298,0.060750975859475004,-0.02107654382563757,0.0,448.713983487814,446.4715563677529,446.87446857237666,448.1328127133293
2.940000000000002,-0.8714424649001392,-1.3518377464312734,18.39329259072766,6.2430542322034785,0.10096256637625256,0.0,-1.3396841397036827,-1.3032070021086366,5.085614274668691,0.058108294965926864,-0.015570411575550242,0.0,454.795404262161,455.2363189709825,453.36697382412126,453.15701325075366
3.000000000000002,-0.9538816603992463,-1.4308715174672744,18.700816918209778,6.246051070770401,0.1009017051710499,0.0,-1.4082317507188893,-1.3309256642143974,5.164831988242145,0.02385557813552743,0.01845238416671703,0.0,456.04582868042405,458.7557827248013,458.2194184907178,455.4892352960464
3.0600000000000023,-1.0403352373002102,-1.5114795681182303,19.01202778351108,6.248042939002545,0.10260213284058661,0.0,-1.4736854582862589,-1.3558505744161626,5.208619135385011,0.047299266630198185,0.043065776136155615,0.0,445.92225644266654,447.928897965321,445.89730606836247,447.8091020058339
3.1200000000000023,-1.1305592432596854,-1.5934778989010192,19.323954847718234,6.2510702408916,0.10468351413134336,0.0,-1.5340122591076044,-1.3771986111211347,5.188998796944069,0.05611659110797604,0.007255455091550908,0.0,428.18802202465605,425.1305926625275,426.8990356793367,427.65258590130804
3.1800000000000024,-1.2246296552076965,-1.6767650579473503,19.636548893576496,6.25497572371213,0.1048695106286397,0.0,-1.6017010666019782,-1.3987093706493776,5.2305975490396905,0.07876080877791042,-0.006875835582114876,0.0,448.19014115266134,447.03991468103646,444.62535564721003,446.4799514269616
3.2400000000000024,-1.3230401311134743,-1.7613400335234335,19.954234328475483,6.259515443693607,0.10443759426645549,0.0,-1.6785667039261805,-1.4199693984112385,5.358319074851993,0.0686095239839669,-0.007852112070278403,0.0,473.1819503969252,473.1068921974785,473.9947808599973,473.21798164535613
3.3000000000000025,-1.4256985446187673,-1.8470207299817962,20.276147704223916,6.263687280445666,0.10376987674332572,0.0,-1.7433529855034267,-1.4357023536636506,5.372067066375821,0.07131102504840818,-0.018653915809123248,0.0,438.9427339055515,438.0453527143555,440.22141883635845,440.4486596382003
3.3600000000000025,-1.5326256169276387,-1.9336435778524788,20.602627188773408,6.267872436470338,0.1031816153931775,0.0,-1.820757419544672,-1.4512777956513554,5.509921054656255,0.06643969737952353,0.0037222990842865136,0.0,476.161762925774,477.8708549807992,478.5247321142264,478.15702876564774
3.4200000000000026,-1.6445261034269891,-2.0211611463330184,20.940574229739312,6.271419583687166,0.103168978702886,0.0,-1.9091764559071693,-1.465501975942841,5.753741873520903,0.037512552152572376,-0.009543740404797421,0.0,508.8985566076733,507.9479670416805,511.1059718816853,509.0416656872049
3.4800000000000026,-1.760921522905292,-2.10936555562332,21.285287609242456,6.273632414421286,0.10304919806024948,0.0,-1.9706860745972359,-1.4744692576013152,5.736778535324783,0.03558579805825837,0.009936777508875592,0.0,432.0084306204778,433.6482933308618,434.74764568247036,434.586802682126
3.5400000000000027,-1.8817361414188687,-2.1981366632856494,21.63594378074345,6.275401593394228,0.10334920383720636,0.0,-2.056438815899366,-1.4843316012514385,5.9506066268488285,0.013061806867146811,-0.007370067462880029,0.0,504.1086109096187,502.85620652500654,503.552431314218,501.9202925188705
3.6000000000000028,-2.007310809798747,-2.2874356432857006,21.99561693331998,6.276216142746296,0.10245405202274238,0.0,-2.129311553583672,-1.492224279342906,6.038003959910754,0.014584509340420736,-0.03766396988236539,0.0,469.5040012609803,467.14727386132904,468.90338630978306,469.02155930813433
3.660000000000003,-2.136915112140475,-2.3771708019472872,22.3573496744959,6.2774093050443085,0.1003868475790668,0.0,-2.190705323759921,-1.4988672417328424,6.019859974894467,0.028803518192760676,-0.02870276119812071,0.0,436.80562318927616,437.55192801398937,435.71008529142733,436.89747467098
3.720000000000003,-2.2704414576115663,-2.467297642088275,22.720608349857592,6.279231089720872,0.09918550814659355,0.0,-2.2600416118000437,-1.5051958146870636,6.088391743972012,0.03331227150756741,-0.006697913890570219,0.0,464.2826537309235,466.00625030569154,462.03889755818,462.39456004172894
3.780000000000003,-2.4083163170375945,-2.5577763778952707,23.08997431209005,6.281419127685515,0.099261093338745,0.0,-2.335739200364946,-1.5105452977753384,6.2230423694251416,0.042128354298798354,0.013706536357011113,0.0,483.7401934226854,485.2745583657362,483.40813699033714,484.0726172997639
3.840000000000003,-2.550622469289031,-2.6485270068872633,23.46616736919128,0.001030245940853547,0.09970711675272437,0.0,-2.4078534810521086,-1.5142174978913776,6.316169869081252,0.05432281671366372,-0.009664185777967058,0.0,473.75673525157214,471.95591570806687,473.49257130974667,474.43110676536924
3.900000000000003,-2.6967983193781873,-2.739448533462434,23.84324457321588,0.0043184166145842084,0.09940457499461086,0.0,-2.4647240343794627,-1.5162581887963935,6.253424757725779,0.055745653940995385,0.002888556989262419,0.0,425.539522977213,426.6130580129159,425.0560243473394,425.18013070122515
3.960000000000003,-2.8469207978598585,-2.830416670352125,24.221842836214,0.00807683943243287,0.09991675296786084,0.0,-2.539376535054948,-1.5156592278684269,6.365859762011741,0.07372933045488346,0.01794336021475349,0.0,479.19537677696167,480.33855913802626,478.574094902803,479.94370730797317
4.020000000000002,-3.0017720475224836,-2.9212491205205318,24.609442458257593,0.01212512224371487,0.10072097944523684,0.0,-2.6223758889779085,-1.5116239104830618,6.5530104478299105,0.05044499527085317,0.002280263680167682,0.0,502.9956672342181,501.859721426205,502.9683068324956,501.2815216391263
4.080000000000001,-3.1608038699072885,-3.0118571995571597,25.00012167380796,0.015227614624352626,0.1008124878076968,0.0,-2.6787922032585265,-1.508419664779774,6.470100992133139,0.054121110719935375,-2.9696624999164573e-05,0.0,421.5570184782302,421.357279484166,422.42283977176123,422.7416784749711
4.14,-3.3235404008263223,-3.1021794761180446,25.3888588144798,0.018091283481954434,0.10187940623875846,0.0,-2.745855766286812,-1.502055545049579,6.487668379182708,0.030162976764205873,0.0400309386067903,0.0,451.6316327433731,454.8520684302144,454.60087575632144,452.6778471368136
4.199999999999998,-3.49081507898345,-3.1919882353761837,25.78331079491735,0.019711534756447158,0.10414793160314417,0.0,-2.83016172547993,-1.4913987820200092,6.659620910573069,0.019791071818403123,0.03294734358878941,0.0,500.40749956324623,499.8919859251766,499.30998169950345,498.5526545916332
4.259999999999997,-3.662586983449371,-3.281241377842233,26.18216334435326,0.020615405859398805,0.10593029168242651,0.0,-2.8957823439294934,-1.4836146312577037,6.635527209534443,0.0033626597427524364,0.02227541937825321,0.0,443.66461810609525,442.7875779091665,443.3718212084511,442.01957902027056
4.319999999999996,-3.8384247282676904,-3.3699974222761484,26.580411085669603,0.020548446048933577,0.10765344108108277,0.0,-2.9656537711664237,-1.474909579669652,6.639288092743397,-0.012054877271646084,0.03921395780527143,0.0,450.3028612469858,451.67156899651764,452.8995759797663,451.6575490402827
4.379999999999995,-4.018116145364201,-3.45830607239665,26.97535752681686,0.019631800711594316,0.1099012413241276,0.0,-3.024335882088512,-1.468748759589654,6.526162539076007,-0.02265928614869671,0.03371059304100073,0.0,413.9726427721224,413.48872956557227,414.14336719474886,413.20937705786486
4.439999999999993,-4.202078413670467,-3.5461331911908505,27.36990925346211,0.018834270887523985,0.11194053051188835,0.0,-3.1079245775336206,-1.4589312596606316,6.624854908602413,0.0008398427326133679,0.0345374641764696,0.0,479.51449929742955,479.57770064610884,478.73056909290483,480.51578592716453
4.499999999999992,-4.39071793625844,-3.6334470925070725,27.766908207879073,0.01857828145783902,0.11368140802581816,0.0,-3.18028286581744,-1.451533476143238,6.608436343188511,-0.01718815393652633,0.014687451976932931,0.0,446.05944070641914,444.4352645712362,447.1296705895094,445.658224284215
4.559999999999991,-4.583374673952316,-3.7203818596649225,28.159746666558892,0.017688337888776218,0.11432943663135209,0.0,-3.2418048654642115,-1.4463378993879157,6.486823889960841,-0.01049444211219472,0.001598965520068038,0.0,412.0642034015855,410.9050956503925,410.3767064138192,410.97069799910264
4.6199999999999894,-4.7799609754713615,-3.8069815950660915,28.547174385505333,0.016636345054356738,0.11452166929549268,0.0,-3.311190839347153,-1.4403686130302278,6.427713558102642,-0.0378414169585425,0.00623481207809414,0.0,430.2659858895938,430.65832815028824,431.9825357422591,429.6696591688974
4.679999999999988,-4.981241403359146,-3.8931705380583543,28.935498738538072,0.014554555390298596,0.11525875253101336,0.0,-3.398218824262312,-1.4328109951798529,6.515813699907974,-0.02905171279743479,0.022247726432186553,0.0,476.1091341542414,477.3328603923502,474.9955530415974,475.66886246742433
4.739999999999987,-5.187612667275009,-3.9789643857169614,29.32769243474908,0.01275922474263158,0.11609493348627442,0.0,-3.4809677196020745,-1.4271437301682486,6.556951367842037,-0.0317222372923958,-0.013096792439181038,0.0,464.0346070187903,461.2509972231033,463.73509673889066,463.5249853020062
4.799999999999986,-5.39830906475367,-4.064521077775016,29.716643777541062,0.01138894759718756,0.11632230954808254,0.0,-3.542416730915519,-1.4248313496928728,6.408907957696873,-0.009271550741474652,0.025286138166104907,0.0,399.3131890651892,402.8004759920971,401.8692902127978,403.89960545419945
4.859999999999984,-5.613743205530637,-4.149854006788496,30.10547450410056,0.010527342065405065,0.11782607634873976,0.0,-3.638851204298458,-1.4196794495491123,6.551149855982248,-0.02722189871789622,0.024612334857102815,0.0,491.8498485741148,491.7999678672342,493.2272335345276,491.899560882668
4.919999999999983,-5.8344230203930705,-4.234950650306641,30.497870408882974,0.008820874099024323,0.11927619500721942,0.0,-3.717349672985082,-1.4170069057512193,6.528725723707826,-0.030998027784589127,0.023266271691128527,0.0,445.14189871467886,445.0317779064012,443.8269441462343,443.5166058151217
4.979999999999982,-6.060353942633063,-4.319879705967933,30.893082140734204,0.006745157246319522,0.1205442857079797,0.0,-3.8138077677741147,-1.4141636376699338,6.644165017528175,-0.04298562742660502,0.016489696170478598,0.0,486.19982648691143,485.6916875168234,487.11027243328056,486.21237444287743
5.0399999999999805,-6.291752301173615,-4.404701638120922,31.29222422455161,0.004173051271629369,0.12129533517574576,0.0,-3.899617141022756,-1.4134557379870962,6.6603475196010935,-0.042635134180429295,0.003073130767292263,0.0,459.0599895830751,457.99374471619126,457.85502204768505,457.8819628953927
